867	2677	0.771	2.424E-67	0	455	456	4	459	460
866	2674	0.771	4.274E-67	0	455	456	4	459	460
1238	1308	0.331	1.582E-36	39	455	456	622	1060	1061
3527	1180	0.298	8.293E-33	7	453	456	607	1074	1093
1239	1041	0.295	3.584E-30	5	454	456	362	837	854
1237	981	0.306	7.241E-29	36	455	456	554	979	1033
3492	934	0.260	8.986E-27	39	453	456	554	973	991
5352	932	0.290	1.639E-27	39	453	456	562	981	994
5360	920	0.308	4.447E-28	36	455	456	422	814	818
3528	893	0.307	2.357E-26	36	426	456	647	1041	1043
3493	817	0.241	1.221E-25	5	455	456	642	1064	1065
6699	814	0.277	4.499E-25	39	454	456	614	1043	1062
3529	656	0.279	2.413E-20	39	435	456	618	1022	1048
5214	613	0.226	4.401E-21	34	454	456	562	963	980
3532	530	0.200	3.469E-19	7	455	456	1273	1854	1866
662	496	0.178	2.360E-16	86	431	456	48	360	412
2167	496	0.178	2.360E-16	86	431	456	48	360	412
2655	496	0.178	2.360E-16	86	431	456	48	360	412
3156	496	0.178	2.360E-16	86	431	456	48	360	412
4081	496	0.178	2.360E-16	86	431	456	48	360	412
4687	496	0.178	2.360E-16	86	431	456	48	360	412
5189	496	0.178	2.360E-16	86	431	456	48	360	412
6519	487	0.219	1.104E-17	39	455	456	707	1039	1040
3458	465	0.229	1.991E-16	11	453	456	71	545	552
6843	463	0.243	2.084E-14	93	410	456	617	941	953
5318	403	0.196	8.699E-16	9	454	456	22	409	436
143	400	0.205	2.084E-14	52	450	456	108	453	691
4184	383	0.177	2.037E-15	9	455	456	206	686	735
6798	374	0.205	6.332E-15	14	453	456	8	384	389
4107	373	0.214	1.104E-12	43	440	456	41	399	418
1467	372	0.200	1.020E-13	93	454	456	81	392	488
5316	370	0.213	1.068E-11	36	359	456	1015	1351	1378
3467	357	0.207	9.743E-16	36	455	456	48	366	392
228	355	0.221	5.917E-13	150	452	456	2	302	303
2722	355	0.221	5.917E-13	150	452	456	2	302	303
4179	355	0.202	7.257E-14	2	447	456	219	660	1372
2670	353	0.236	1.418E-11	169	446	456	5	254	316
1140	353	0.185	2.896E-12	83	442	456	18	366	515
3410	350	0.172	5.164E-14	11	447	456	176	659	1371
6753	349	0.164	5.917E-13	66	453	456	351	672	701
3425	348	0.185	1.517E-13	5	444	456	222	697	1435
4160	328	0.220	1.719E-10	98	455	456	157	478	479
6780	307	0.182	2.800E-11	93	454	456	133	483	491
3520	296	0.247	2.038E-10	179	454	456	652	896	975
5252	268	0.257	3.554E-08	147	358	456	40	222	670
1236	268	0.202	6.862E-09	210	453	456	617	872	892
1010	254	0.202	2.864E-10	124	452	456	802	1127	1130
3594	243	0.175	7.863E-08	91	314	456	49	256	258
6486	213	0.209	1.949E-07	65	301	456	49	268	300
1605	206	0.166	1.820E-10	11	454	456	16	478	493
6796	201	0.179	3.474E-09	61	453	456	330	614	621
4198	193	0.162	4.829E-07	9	275	456	1064	1318	1336
1643	192	0.161	1.044E-07	81	447	456	461	809	812
10	188	0.165	2.133E-08	37	455	456	44	473	514
6588	188	0.170	3.849E-07	11	439	456	475	892	904
2671	187	0.201	1.949E-07	143	415	456	44	307	689
5389	177	0.191	9.011E-07	137	454	456	28	297	302
4163	165	0.194	4.829E-07	36	419	456	178	535	539
3437	164	0.163	5.171E-04	349	455	456	28	134	168
3441	164	0.209	9.219E-06	183	386	456	474	674	694
4162	163	0.215	6.198E-06	165	359	456	138	303	559
1482	162	0.136	2.647E-06	7	428	456	963	1345	1358
6484	158	0.146	7.182E-07	49	402	456	67	367	708
5	157	0.174	7.777E-06	27	314	456	150	453	481
134	157	0.162	2.183E-07	50	402	456	68	368	713
5424	157	0.182	1.607E-08	25	437	456	28	376	738
5309	155	0.195	2.363E-06	80	434	456	30	330	475
147	155	0.194	9.011E-07	81	436	456	344	674	699
1331	153	0.148	3.636E-07	37	446	456	63	464	509
3504	151	0.171	2.183E-07	25	437	456	98	490	613
6715	150	0.139	2.285E-05	261	448	456	206	344	345
3408	150	0.161	8.514E-07	16	454	456	33	446	474
9	150	0.133	1.068E-06	37	444	456	48	446	478
1653	149	0.175	2.363E-06	46	426	456	17	298	306
5193	147	0.183	4.073E-07	22	451	456	55	444	581
1652	146	0.172	1.994E-06	46	455	456	17	299	306
6800	146	0.130	2.647E-06	98	455	456	107	431	434
6875	145	0.176	3.211E-05	100	336	456	945	1148	1162
1651	144	0.179	5.724E-07	16	426	456	15	298	306
1492	144	0.186	8.231E-06	176	453	456	28	293	314
3455	142	0.140	5.409E-07	50	405	456	71	373	716
6801	141	0.143	1.884E-06	70	455	456	63	388	394
973	140	0.217	5.171E-04	262	387	456	342	465	600
109	139	0.129	3.515E-06	37	444	456	48	446	478
5390	138	0.164	8.045E-07	81	454	456	31	299	304
4161	137	0.115	2.233E-06	9	455	456	18	436	442
3405	137	0.135	1.884E-06	16	454	456	33	446	474
5376	137	0.162	1.105E-07	26	452	456	129	574	589
6619	136	0.155	6.267E-08	25	454	456	177	726	739
3462	136	0.160	1.224E-05	119	453	456	87	336	759
3456	136	0.192	1.197E-06	43	432	456	90	446	1119
3407	135	0.144	1.157E-05	37	453	456	46	450	476
3443	135	0.186	8.045E-07	25	453	456	76	482	512
1481	135	0.179	6.943E-06	47	434	456	29	378	1269
844	134	0.142	6.560E-06	37	444	456	48	446	478
3404	132	0.137	3.937E-06	37	454	456	46	447	479
3399	131	0.145	1.371E-05	37	400	456	46	412	475
3385	131	0.137	8.231E-06	37	454	456	46	450	479
5980	131	0.229	2.559E-05	25	321	456	88	339	481
1648	130	0.119	2.445E-07	50	454	456	44	494	786
5351	130	0.148	9.537E-07	39	451	456	81	642	805
1556	128	0.168	1.310E-07	25	455	456	32	456	551
843	125	0.145	2.040E-05	37	444	456	48	446	478
58	124	0.124	7.020E-08	8	453	456	36	639	668
59	124	0.124	7.430E-08	8	453	456	36	639	668
6873	123	0.131	4.167E-06	25	454	456	54	499	796
55	122	0.169	3.321E-06	80	452	456	29	299	323
6701	121	0.179	4.776E-05	110	439	456	44	322	326
110	121	0.168	1.927E-05	37	455	456	46	447	474
13	121	0.155	1.682E-06	0	455	456	25	472	560
3391	120	0.120	1.589E-06	37	453	456	46	450	476
162	120	0.143	1.224E-05	8	454	456	21	446	483
6515	120	0.184	2.647E-06	2	452	456	70	468	967
106	119	0.144	5.228E-06	81	433	456	53	468	784
75	118	0.164	5.857E-06	48	445	456	25	324	328
111	118	0.123	3.720E-06	36	409	456	42	419	478
6839	118	0.192	1.387E-07	43	455	456	44	474	505
71	117	0.160	1.841E-07	50	453	456	62	333	660
931	116	0.150	1.663E-04	133	436	456	88	344	368
5192	116	0.124	6.412E-07	11	454	456	550	869	875
965	115	0.142	8.912E-05	257	447	456	81	215	230
23	115	0.168	1.419E-06	5	455	456	41	475	601
1468	114	0.147	2.208E-04	264	446	456	267	406	560
5251	113	0.179	4.028E-05	16	399	456	10	358	374
3459	113	0.179	7.518E-05	25	416	456	62	369	593
3592	112	0.156	5.857E-06	36	431	456	456	769	773
149	112	0.174	4.410E-06	49	453	456	73	468	1065
938	110	0.202	4.263E-05	45	418	456	67	411	545
5374	109	0.157	2.708E-05	8	430	456	35	399	1412
5358	109	0.169	7.348E-06	8	455	456	35	373	1537
6618	108	0.148	4.073E-07	44	455	456	58	682	1032
6940	107	0.203	9.650E-04	11	188	456	90	283	428
5321	107	0.173	1.720E-05	47	442	456	67	429	1093
161	106	0.167	1.663E-04	14	454	456	39	447	474
3523	106	0.169	1.224E-05	78	443	456	58	356	581
6705	106	0.136	1.949E-07	8	433	456	131	656	786
3406	104	0.153	1.118E-04	9	454	456	30	447	474
5445	104	0.136	1.571E-04	98	453	456	53	317	744
1676	103	0.252	3.175E-03	264	361	456	164	268	315
6707	102	0.166	1.863E-04	264	447	456	212	336	352
6	102	0.110	1.224E-05	36	444	456	42	446	478
6719	102	0.174	2.965E-06	50	453	456	52	323	646
3444	102	0.133	9.432E-05	10	404	456	56	462	1188
54	101	0.181	6.711E-05	80	448	456	29	295	319
6716	101	0.161	2.208E-04	264	447	456	211	335	351
1084	100	0.162	3.596E-05	5	451	456	33	441	560
3522	100	0.148	1.296E-05	47	443	456	60	355	590
4698	100	0.168	1.403E-04	0	440	456	318	686	691
1649	98	0.197	3.361E-03	96	345	456	2	213	249
4700	98	0.157	5.473E-04	0	440	456	319	686	692
105	98	0.157	3.596E-05	45	434	456	67	438	792
836	97	0.172	1.571E-04	77	453	456	49	371	592
5350	97	0.165	7.518E-05	52	388	456	128	433	825
3468	97	0.171	1.033E-05	46	455	456	926	1377	1453
3430	96	0.156	6.198E-06	2	433	456	114	654	762
1537	95	0.188	2.135E-03	217	428	456	30	228	255
5254	95	0.197	5.792E-04	111	416	456	14	254	371
6936	95	0.216	7.691E-04	1	371	456	66	356	1052
3497	94	0.183	6.130E-04	50	443	456	59	375	622
5429	94	0.123	2.802E-06	81	455	456	49	545	811
753	93	0.143	1.663E-04	84	436	456	85	336	359
6718	93	0.174	4.410E-06	81	453	456	59	328	649
148	93	0.135	4.410E-06	25	406	456	57	433	1529
3506	92	0.123	7.103E-05	1	447	456	109	550	555
6496	92	0.150	5.661E-05	7	442	456	94	541	602
3436	92	0.201	4.999E-03	222	347	456	140	264	792
5426	91	0.129	1.663E-04	84	436	456	106	356	380
108	91	0.154	1.326E-04	14	454	456	39	447	474
3483	91	0.181	7.691E-04	9	452	456	300	686	713
130	91	0.118	4.829E-07	24	455	456	62	684	1523
6669	90	0.183	9.873E-03	307	455	456	123	232	257
127	90	0.183	4.616E-04	81	423	456	72	350	352
1658	90	0.165	2.208E-04	66	443	456	117	382	527
3424	89	0.165	7.103E-05	81	455	456	53	321	673
3484	89	0.180	2.017E-03	24	454	456	352	690	714
3477	88	0.170	3.034E-05	46	445	456	267	667	1323
1460	86	0.159	3.679E-04	25	371	456	35	277	297
4172	86	0.195	4.076E-02	264	345	456	186	270	344
3490	86	0.170	4.616E-04	76	453	456	51	374	606
5199	86	0.154	5.349E-05	107	447	456	74	363	740
74	85	0.162	9.432E-05	53	435	456	30	301	317
5446	85	0.244	1.554E-02	83	205	456	48	148	530
3440	84	0.165	4.616E-04	0	449	456	446	797	803
6874	84	0.141	5.349E-05	36	446	456	129	454	1504
3384	83	0.156	4.886E-04	9	311	456	22	362	426
3401	82	0.172	4.362E-04	37	454	456	46	450	474
5215	82	0.158	1.863E-04	80	454	456	137	398	754
137	82	0.207	2.771E-04	25	454	456	68	470	907
5439	80	0.168	5.054E-05	107	435	456	56	283	473
129	80	0.132	6.560E-06	25	443	456	63	661	1534
6795	79	0.155	1.741E-02	93	202	456	62	167	207
3587	79	0.170	1.906E-03	54	446	456	327	700	707
3588	79	0.170	1.906E-03	54	446	456	327	700	707
3589	79	0.170	1.906E-03	54	446	456	327	700	707
3512	79	0.168	3.104E-04	37	417	456	52	397	766
3380	78	0.154	2.835E-03	33	343	456	53	289	424
3517	78	0.158	3.806E-05	81	453	456	66	335	522
1546	77	0.183	2.337E-04	2	435	456	40	388	1630
1195	76	0.158	5.792E-04	25	370	456	68	309	338
3482	76	0.172	2.017E-03	18	454	456	339	690	714
3595	75	0.206	7.869E-03	98	288	456	53	194	542
763	73	0.163	9.873E-03	194	437	456	27	287	297
1083	72	0.196	7.869E-03	284	447	456	19	127	144
12	71	0.196	3.070E-02	0	234	456	25	217	292
152	71	0.133	3.285E-04	48	454	456	76	586	977
0	70	0.154	3.984E-03	14	454	456	39	447	474
4699	70	0.163	1.702E-03	2	440	456	319	686	692
3550	70	0.199	1.645E-02	195	454	456	37	232	865
622	69	0.166	1.554E-02	274	454	456	43	175	190
2127	69	0.166	1.554E-02	274	454	456	43	175	190
2615	69	0.166	1.554E-02	274	454	456	43	175	190
3116	69	0.166	1.554E-02	274	454	456	43	175	190
4051	69	0.166	1.554E-02	274	454	456	43	175	190
4647	69	0.166	1.554E-02	274	454	456	43	175	190
5902	69	0.166	1.554E-02	274	454	456	43	175	190
6437	69	0.166	1.554E-02	274	454	456	43	175	190
2660	69	0.177	4.121E-04	81	449	456	70	329	343
5232	68	0.149	4.566E-02	277	455	456	60	219	1479
101	68	0.165	2.618E-04	14	455	456	683	1133	1717
3519	67	0.172	6.341E-05	81	423	456	61	282	420
6514	67	0.168	1.045E-02	47	304	456	74	316	653
45	66	0.195	1.554E-02	77	255	456	45	201	428
5367	66	0.125	1.906E-03	58	455	456	60	553	696
3502	65	0.159	3.984E-03	70	397	456	22	225	309
5405	65	0.177	7.435E-03	25	281	456	61	270	628
5197	64	0.182	7.691E-04	74	428	456	51	309	353
6522	64	0.178	2.835E-03	107	434	456	75	303	640
6746	63	0.219	1.420E-01	237	343	456	47	149	339
5443	63	0.181	1.010E-01	44	227	456	36	197	1032
100	63	0.139	4.723E-03	79	344	456	866	1090	1634
4061	62	0.166	3.851E-02	274	454	456	43	175	190
5912	62	0.166	3.851E-02	274	454	456	43	175	190
6447	62	0.166	3.851E-02	274	454	456	43	175	190
5384	62	0.151	3.438E-02	294	454	456	60	210	215
841	62	0.211	1.045E-02	81	302	456	95	248	382
4166	62	0.139	1.863E-04	81	453	456	82	372	441
16	61	0.186	2.064E-02	81	300	456	866	1029	1700
19	61	0.122	8.814E-03	81	344	456	866	1090	1700
5406	60	0.166	4.566E-02	276	426	456	39	144	268
4170	60	0.173	1.106E-02	234	453	456	54	222	370
2668	60	0.181	1.420E-01	235	340	456	166	267	409
4691	59	0.174	1.267E-01	272	434	456	42	174	184
4159	59	0.163	1.267E-01	1	180	456	30	182	261
1196	59	0.138	1.435E-03	50	455	456	101	381	382
3534	59	0.217	3.438E-02	81	275	456	62	231	504
3551	59	0.120	5.599E-03	22	453	456	54	554	837
3381	58	0.208	1.741E-02	81	274	456	56	199	820
4083	57	0.184	8.520E-02	280	428	456	62	193	545
4171	56	0.168	3.249E-02	151	450	456	30	229	239
4167	56	0.188	4.832E-02	107	274	456	52	198	313
6743	56	0.213	2.804E-01	235	343	456	45	149	318
18	56	0.152	4.121E-04	25	360	456	35	229	1247
3476	55	0.169	2.967E-01	349	454	456	82	183	333
3533	55	0.186	6.416E-02	141	360	456	65	233	493
5356	55	0.153	1.010E-01	25	234	456	53	242	719
837	55	0.150	2.900E-02	107	272	456	59	202	828
153	55	0.132	1.239E-02	1	455	456	90	587	958
5323	54	0.162	9.873E-03	59	454	456	799	1138	1722
5337	53	0.197	2.312E-02	130	372	456	125	280	382
945	53	0.145	1.387E-02	162	455	456	52	250	440
3508	53	0.204	2.365E-01	103	255	456	120	249	2325
925	52	0.155	5.114E-02	221	434	456	118	295	298
4153	52	0.174	5.728E-02	110	340	456	128	279	656
6805	52	0.176	1.197E-01	25	234	456	54	244	789
6741	51	0.148	2.900E-02	135	358	456	153	321	332
1415	51	0.153	2.365E-01	11	202	456	312	467	580
2664	50	0.145	2.064E-02	125	444	456	45	256	277
6513	50	0.168	1.420E-01	251	453	456	50	204	345
3518	50	0.141	2.391E-03	81	434	456	55	277	441
4108	50	0.161	7.435E-03	9	402	456	0	288	1088
3465	49	0.170	9.544E-02	12	319	456	6	232	347
3454	49	0.161	1.420E-01	81	282	456	52	202	745
1669	49	0.189	9.544E-02	22	198	456	2	129	754
5233	48	0.172	8.520E-02	276	454	456	39	144	159
5235	48	0.230	3.723E-01	52	198	456	452	564	567
5380	47	0.152	9.544E-02	197	412	456	146	308	322
8	47	0.126	5.413E-02	224	433	456	57	228	550
6472	47	0.162	4.566E-02	218	452	456	51	237	845
6476	46	0.205	1.197E-01	103	227	456	20	118	198
692	46	0.172	5.599E-03	24	417	456	28	276	309
5257	46	0.154	6.791E-02	92	404	456	68	279	335
6744	46	0.205	7.782E-01	235	343	456	45	149	339
6745	46	0.218	6.565E-01	235	343	456	45	149	339
3537	46	0.165	8.051E-02	138	426	456	42	218	367
3417	46	0.160	1.468E-02	80	345	456	85	253	880
1667	45	0.216	6.565E-01	166	288	456	18	122	245
5434	45	0.151	7.869E-03	99	455	456	112	312	371
6473	45	0.181	6.948E-01	235	340	456	143	244	397
4106	45	0.167	2.365E-01	309	453	456	65	191	548
6726	44	0.155	3.723E-01	223	433	456	69	253	771
5368	44	0.135	8.520E-02	81	344	456	556	780	947
5258	43	0.166	8.717E-01	249	360	456	49	153	192
14	43	0.207	3.140E-01	275	450	456	63	190	287
3540	43	0.146	4.566E-02	3	431	456	0	330	428
3445	43	0.172	9.018E-02	220	433	456	46	204	635
6512	43	0.178	5.413E-02	12	345	456	47	292	910
6725	42	0.177	3.140E-01	33	198	456	8	133	647
136	42	0.162	1.995E-01	40	345	456	31	236	683
5981	41	0.181	1.033E+00	235	340	456	254	355	626
5363	40	0.195	2.967E-01	336	447	456	64	158	259
3400	40	0.120	3.639E-02	106	342	456	54	218	294
6754	40	0.205	6.948E-01	77	198	456	14	121	647
20	38	0.197	2.041E+00	80	227	456	28	154	624
4185	38	0.155	4.170E-01	103	358	456	124	294	725
3461	38	0.160	2.804E-01	221	453	456	56	240	2623
95	37	0.204	2.286E+00	81	198	456	19	120	256
6494	37	0.183	3.324E-01	251	453	456	47	197	370
3538	36	0.161	9.764E-01	158	359	456	16	158	466
4	35	0.185	1.781E-01	107	303	456	49	195	1463
5431	34	0.151	1.683E-01	277	448	456	62	192	257
15	34	0.136	2.365E-01	252	450	456	80	230	275
2658	34	0.184	4.414E-01	92	331	456	36	218	513
3513	34	0.160	6.203E-01	138	345	456	69	227	522
898	34	0.105	5.413E-02	22	361	456	34	268	600
6876	33	0.163	1.452E+00	219	447	456	94	296	728
17	31	0.196	1.158E+00	46	290	456	66	275	301
163	30	0.235	1.722E+00	39	148	456	3	124	131
1016	30	0.120	2.235E-01	264	400	456	52	237	362
175	30	0.119	1.094E+00	278	453	456	26	154	504
176	30	0.114	8.717E-01	278	453	456	26	154	511
831	29	0.200	2.160E+00	362	454	456	48	143	162
1015	29	0.125	2.503E-01	264	400	456	52	237	362
77	28	0.195	4.944E-01	42	198	456	6	140	234
1101	26	0.214	2.710E+00	83	255	456	22	144	176
5381	26	0.118	3.140E-01	39	428	456	168	574	1265
6616	25	0.122	1.885E-01	185	453	456	301	559	783
1662	25	0.198	3.400E+00	273	382	456	72	166	839
5315	24	0.135	2.804E-01	238	454	456	61	163	321
3586	23	0.220	5.058E+00	99	254	456	74	213	1321
1510	21	0.114	1.225E+00	347	435	456	43	111	125
5201	21	0.214	7.523E+00	381	454	456	93	169	229
865	20	0.228	5.353E+00	394	455	456	36	98	146
1375	19	0.095	1.372E+00	207	454	456	90	440	610
1708	18	0.143	4.266E+00	195	446	456	37	198	516
2196	18	0.143	4.266E+00	195	446	456	37	198	516
2698	18	0.143	4.266E+00	195	446	456	37	198	516
3622	18	0.143	4.266E+00	195	446	456	37	198	516
4228	18	0.143	4.266E+00	195	446	456	37	198	516
4730	18	0.143	4.266E+00	195	446	456	37	198	516
5473	18	0.143	4.266E+00	195	446	456	37	198	516
6008	18	0.143	4.266E+00	195	446	456	37	198	516
5977	18	0.105	9.764E-01	36	393	456	99	365	595
5348	17	0.205	3.599E+00	283	417	456	24	123	180
78	17	0.111	6.346E+00	84	142	456	183	258	314
6633	17	0.102	6.948E-01	64	416	456	129	392	823
79	15	0.121	4.031E+00	1	143	456	18	173	236
991	15	0.103	1.822E+00	57	450	456	611	909	963
1200	14	0.086	4.266E+00	211	455	456	29	211	316
6944	14	0.083	5.058E+00	349	416	456	12	112	345
1664	14	0.163	5.058E+00	190	364	456	60	170	822
3576	13	0.081	5.665E+00	235	341	456	81	166	229
4692	12	0.106	3.400E+00	181	339	456	85	221	267
5417	12	0.115	3.599E+00	264	449	456	8	185	529
3495	12	0.074	8.918E+00	275	437	456	132	307	852
1100	12	0.133	9.989E+00	266	345	456	973	1049	1330
1576	12	0.133	9.989E+00	266	345	456	973	1049	1330
850	11	0.098	5.996E+00	260	453	456	118	364	480
3486	10	0.135	4.779E+00	237	428	456	502	747	1194
1414	9	0.105	9.989E+00	108	320	456	194	438	587
1600	9	0.091	5.996E+00	36	454	456	225	663	708
1020	8	0.139	7.962E+00	207	360	456	225	352	756
1019	7	0.103	5.996E+00	44	358	456	191	384	756
 