2bnh	P13489_Y	0.771	456	104	0	1	456	5	460	2.424E-67	2677
2bnh	P13489_W	0.771	456	104	0	1	456	5	460	4.274E-67	2674
2bnh	P59046	0.331	439	278	0	40	456	623	1061	1.582E-36	1308
2bnh	Q86W24	0.298	468	313	0	8	454	608	1075	8.293E-33	1180
2bnh	P59047_A	0.295	476	317	0	6	455	363	838	3.584E-30	1041
2bnh	P59045	0.306	426	291	0	37	456	555	980	7.241E-29	981
2bnh	Q7RTR0	0.260	420	306	0	40	454	555	974	8.986E-27	934
2bnh	Q96MN2	0.290	420	294	0	40	454	563	982	1.639E-27	932
2bnh	Q96P20	0.308	420	271	0	37	456	423	815	4.447E-28	920
2bnh	Q86W25	0.307	395	270	0	37	427	648	1042	2.357E-26	893
2bnh	Q7RTR2	0.241	451	320	0	6	456	643	1065	1.221E-25	817
2bnh	Q9NX02	0.277	430	300	0	40	455	615	1044	4.499E-25	814
2bnh	Q86W28	0.279	405	286	0	40	436	619	1023	2.413E-20	656
2bnh	Q8WX94	0.226	421	310	0	35	455	563	964	4.401E-21	613
2bnh	Q86WI3	0.200	582	358	0	8	456	1274	1855	3.469E-19	530
2bnh	O95995_w	0.178	346	256	0	87	432	49	361	2.360E-16	496
2bnh	Q494V2_w	0.178	346	256	0	87	432	49	361	2.360E-16	496
2bnh	Q4LDG9_w	0.178	346	256	0	87	432	49	361	2.360E-16	496
2bnh	Q5JU00_w	0.178	346	256	0	87	432	49	361	2.360E-16	496
2bnh	Q8IZ02_w	0.178	346	256	0	87	432	49	361	2.360E-16	496
2bnh	Q8TBY9_w	0.178	346	256	0	87	432	49	361	2.360E-16	496
2bnh	Q8TE73_w	0.178	346	256	0	87	432	49	361	2.360E-16	496
2bnh	Q9HC29	0.219	417	259	0	40	456	708	1040	1.104E-17	487
2bnh	Q6UY01	0.229	475	341	0	12	454	72	546	1.991E-16	465
2bnh	Q9Y239	0.243	325	240	0	94	411	618	942	2.084E-14	463
2bnh	Q96IG2	0.196	446	311	0	10	455	23	410	8.699E-16	403
2bnh	O75864	0.205	399	274	0	53	451	109	454	2.084E-14	400
2bnh	Q8NEE6	0.177	481	367	0	10	456	207	687	2.037E-15	383
2bnh	Q9UKC9_C	0.205	440	299	0	15	454	9	385	6.332E-15	374
2bnh	Q8N1E6	0.214	398	281	0	44	441	42	400	1.104E-12	373
2bnh	Q0VAA2	0.200	362	249	0	94	455	82	393	1.020E-13	372
2bnh	Q96HA7	0.213	337	254	0	37	360	1016	1352	1.068E-11	370
2bnh	Q6ZQY2	0.207	420	252	0	37	456	49	367	9.743E-16	357
2bnh	O95995_5	0.221	303	234	0	151	453	3	303	5.917E-13	355
2bnh	Q5JU00_5	0.221	303	234	0	151	453	3	303	5.917E-13	355
2bnh	Q8ND23	0.202	446	352	0	3	448	220	661	7.257E-14	355
2bnh	Q5JTD7	0.236	278	190	0	170	447	6	255	1.418E-11	353
2bnh	P46060_G	0.185	360	284	0	84	443	19	367	2.896E-12	353
2bnh	Q5VZK9	0.172	484	361	0	12	448	177	660	5.164E-14	350
2bnh	Q9UF56	0.164	388	268	0	67	454	352	673	5.917E-13	349
2bnh	Q6F5E8	0.185	476	358	0	6	445	223	698	1.517E-13	348
2bnh	Q8N461	0.220	358	250	0	99	456	158	479	1.719E-10	328
2bnh	Q9UJT9	0.182	362	286	0	94	455	134	484	2.800E-11	307
2bnh	Q86UT6	0.247	276	184	0	180	455	653	897	2.038E-10	296
2bnh	Q96CN5	0.257	212	135	0	148	359	41	223	3.554E-08	268
2bnh	P59044	0.202	256	194	0	211	454	618	873	6.862E-09	268
2bnh	P33076	0.202	329	259	0	125	453	803	1128	2.864E-10	254
2bnh	Q8IY45	0.175	224	171	0	92	315	50	257	7.863E-08	243
2bnh	Q9H469	0.209	237	173	0	66	302	50	269	1.949E-07	213
2bnh	Q15048	0.166	463	369	0	12	455	17	479	1.820E-10	206
2bnh	Q9UKA2	0.179	393	233	0	62	454	331	615	3.474E-09	201
2bnh	Q8NHM5	0.162	267	213	0	10	276	1065	1319	4.829E-07	193
2bnh	Q15345	0.161	367	292	0	82	448	462	810	1.044E-07	192
2bnh	A6NHZ5	0.165	430	349	0	38	456	45	474	2.133E-08	188
2bnh	Q9NPP4	0.170	429	346	0	12	440	476	893	3.849E-07	188
2bnh	Q5JTW2	0.201	273	210	0	144	416	45	308	1.949E-07	187
2bnh	Q99983_A	0.191	318	218	0	138	455	29	298	9.011E-07	177
2bnh	Q8N531	0.194	384	288	0	37	420	179	536	4.829E-07	165
2bnh	Q6P5Q4_C	0.163	107	89	0	350	456	29	135	5.171E-04	164
2bnh	Q6PCT2	0.209	204	158	0	184	387	475	675	9.219E-06	164
2bnh	Q8N4P6	0.215	195	130	0	166	360	139	304	6.198E-06	163
2bnh	Q13075_A	0.136	422	330	0	8	429	964	1346	2.647E-06	162
2bnh	Q9H3W5	0.146	354	256	0	50	403	68	368	7.182E-07	158
2bnh	A3QJZ6	0.174	304	237	0	28	315	151	454	7.777E-06	157
2bnh	O75325	0.162	353	251	0	51	403	69	369	2.183E-07	157
2bnh	Q9BXB1	0.182	413	285	0	26	438	29	377	1.607E-08	157
2bnh	Q96FE5_A	0.195	355	242	0	81	435	31	331	2.363E-06	155
2bnh	O94769	0.194	356	266	0	82	437	345	675	9.011E-07	155
2bnh	P78395	0.148	410	342	0	38	447	64	465	3.636E-07	153
2bnh	Q7Z5L7	0.171	413	325	0	26	438	99	491	2.183E-07	151
2bnh	Q9NZQ9	0.139	188	119	0	262	449	207	345	2.285E-05	150
2bnh	Q5VXH5	0.161	439	347	0	17	455	34	447	8.514E-07	150
2bnh	A6NGN4	0.133	408	345	0	38	445	49	447	1.068E-06	150
2bnh	Q15435_E	0.175	381	232	0	47	427	18	299	2.363E-06	149
2bnh	Q8TF66	0.183	430	318	0	23	452	56	445	4.073E-07	147
2bnh	Q15435_C	0.172	410	233	0	47	456	18	300	1.994E-06	146
2bnh	Q9UKT6	0.130	358	282	0	99	456	108	432	2.647E-06	146
2bnh	Q9Y2K7	0.176	237	167	0	101	337	946	1149	3.211E-05	145
2bnh	Q15435_A	0.179	411	232	0	17	427	16	299	5.724E-07	144
2bnh	Q13309_F	0.186	278	216	0	177	454	29	294	8.231E-06	144
2bnh	Q6UXK5	0.140	356	260	0	51	406	72	374	5.409E-07	142
2bnh	Q9UKT7	0.143	386	279	0	71	456	64	389	1.884E-06	141
2bnh	P29536	0.217	126	96	0	263	388	343	466	5.171E-04	140
2bnh	O60810	0.129	408	347	0	38	445	49	447	3.515E-06	139
2bnh	Q99983_C	0.164	374	224	0	82	455	32	300	8.045E-07	138
2bnh	Q8N4B4	0.115	447	370	0	10	456	19	437	2.233E-06	137
2bnh	Q5VWM4	0.135	439	357	0	17	455	34	447	1.884E-06	137
2bnh	Q99467_A	0.162	446	357	0	27	453	130	575	1.105E-07	137
2bnh	Q9NR97_A	0.155	550	363	0	26	455	178	727	6.267E-08	136
2bnh	Q6WRX3	0.160	335	209	0	120	454	88	337	1.224E-05	136
2bnh	Q6UXM1	0.192	390	288	0	44	433	91	447	1.197E-06	136
2bnh	Q5VXH4	0.144	417	346	0	38	454	47	451	1.157E-05	135
2bnh	Q6PEZ8	0.186	429	330	0	26	454	77	483	8.045E-07	135
2bnh	Q13045	0.179	388	287	0	48	435	30	379	6.943E-06	135
2bnh	P0DUQ2	0.142	408	341	0	38	445	49	447	6.560E-06	134
2bnh	Q5VWM3	0.137	418	346	0	38	455	47	448	3.937E-06	132
2bnh	Q5VT98	0.145	367	310	0	38	401	47	413	1.371E-05	131
2bnh	Q5SWL8	0.137	418	349	0	38	455	47	451	8.231E-06	131
2bnh	Q9GZU5	0.229	297	194	0	26	322	89	340	2.559E-05	131
2bnh	Q15399	0.119	451	356	0	51	455	45	495	2.445E-07	130
2bnh	Q96ME1	0.148	562	351	0	40	452	82	643	9.537E-07	130
2bnh	Q14392_I	0.168	431	353	0	26	456	33	457	1.310E-07	128
2bnh	P0DUQ1	0.145	408	340	0	38	445	49	447	2.040E-05	125
2bnh	O15455_A	0.124	604	390	0	9	454	37	640	7.020E-08	124
2bnh	O15455_C	0.124	604	390	0	9	454	37	640	7.430E-08	124
2bnh	Q9Y2C9	0.131	446	373	0	26	455	55	500	4.167E-06	123
2bnh	O15335_C	0.169	373	224	0	81	453	30	300	3.321E-06	122
2bnh	Q9NXK8	0.179	330	228	0	111	440	45	323	4.776E-05	121
2bnh	O60811	0.168	419	334	0	38	456	47	448	1.927E-05	121
2bnh	A6NIV6	0.155	456	378	0	1	456	26	473	1.682E-06	121
2bnh	Q5TYX0	0.120	417	356	0	38	454	47	451	1.589E-06	120
2bnh	O95522	0.143	447	364	0	9	455	22	447	1.224E-05	120
2bnh	Q9HBX8	0.184	451	325	0	3	453	71	469	2.647E-06	120
2bnh	O60603	0.144	416	301	0	82	434	54	469	5.228E-06	119
2bnh	O43300_C	0.164	398	250	0	49	446	26	325	5.857E-06	118
2bnh	O60813	0.123	378	327	0	37	410	43	420	3.720E-06	118
2bnh	Q9UQ13_C	0.192	431	333	0	44	456	45	475	1.387E-07	118
2bnh	O43155	0.160	404	228	0	51	454	63	334	1.841E-07	117
2bnh	P21810	0.150	304	218	0	134	437	89	345	1.663E-04	116
2bnh	Q8TF61	0.124	444	279	0	12	455	551	870	6.412E-07	116
2bnh	P28289_T	0.142	191	115	0	258	448	82	216	8.912E-05	115
2bnh	O00206_A	0.168	451	361	0	6	456	42	476	1.419E-06	115
2bnh	Q0VAK6	0.147	183	119	0	265	447	268	407	2.208E-04	114
2bnh	Q96CD0	0.179	384	286	0	17	400	11	359	4.028E-05	113
2bnh	Q6UY18	0.179	392	252	0	26	417	63	370	7.518E-05	113
2bnh	Q8IY22	0.156	396	264	0	37	432	457	770	5.857E-06	112
2bnh	O94898	0.174	405	326	0	50	454	74	469	4.410E-06	112
2bnh	P22792	0.202	374	275	0	46	419	68	412	4.263E-05	110
2bnh	Q96RT1	0.157	423	307	0	9	431	36	400	2.708E-05	109
2bnh	Q96NW7	0.169	448	281	0	9	456	36	374	7.348E-06	109
2bnh	Q9NR96	0.148	625	350	0	45	456	59	683	4.073E-07	108
2bnh	Q9Y546	0.203	194	141	0	12	189	91	284	9.650E-04	107
2bnh	Q96JA1	0.173	396	299	0	48	443	68	430	1.720E-05	107
2bnh	O95521	0.167	441	340	0	15	455	40	448	1.663E-04	106
2bnh	Q86VH5	0.169	366	248	0	79	444	59	357	1.224E-05	106
2bnh	Q9NYK1_A	0.136	526	367	0	9	434	132	657	1.949E-07	106
2bnh	Q5VWM6	0.153	446	353	0	10	455	31	448	1.118E-04	104
2bnh	Q9C0D3	0.136	356	228	0	99	454	54	318	1.571E-04	104
2bnh	Q2VPJ9	0.252	105	73	0	265	362	165	269	3.175E-03	103
2bnh	Q9NYL9	0.166	184	103	0	265	448	213	337	1.863E-04	102
2bnh	A3QJZ7	0.110	409	360	0	37	445	43	447	1.224E-05	102
2bnh	Q9NZU1	0.174	404	224	0	51	454	53	324	2.965E-06	102
2bnh	Q6PIJ6	0.133	407	342	0	11	405	57	463	9.432E-05	102
2bnh	O15335_A	0.181	369	218	0	81	449	30	296	6.711E-05	101
2bnh	Q9NZR1	0.161	184	104	0	265	448	212	336	2.208E-04	101
2bnh	P40197	0.162	447	342	0	6	452	34	442	3.596E-05	100
2bnh	Q86VH4	0.148	397	251	0	48	444	61	356	1.296E-05	100
2bnh	Q8TDW0_A	0.168	441	306	0	1	441	319	687	1.403E-04	100
2bnh	Q15404	0.197	250	169	0	97	346	3	214	3.361E-03	98
2bnh	Q8TDW0_E	0.157	441	309	0	1	441	320	687	5.473E-04	98
2bnh	O60602_A	0.157	390	313	0	46	435	68	439	3.596E-05	98
2bnh	P0C6S8	0.172	377	267	0	78	454	50	372	1.571E-04	97
2bnh	Q96M69	0.165	337	255	0	53	389	129	434	7.518E-05	97
2bnh	Q6ZRR7	0.171	452	339	0	47	456	927	1378	1.033E-05	97
2bnh	Q6NUI6	0.156	541	364	0	3	434	115	655	6.198E-06	96
2bnh	Q13641	0.188	212	161	0	218	429	31	229	2.135E-03	95
2bnh	Q96CX6	0.197	306	193	0	112	417	15	255	5.792E-04	95
2bnh	Q9Y4C4	0.216	371	227	0	2	372	67	357	7.691E-04	95
2bnh	Q7Z2Q7	0.183	394	258	0	51	444	60	376	6.130E-04	94
2bnh	Q9BXR5	0.123	497	328	0	82	456	50	546	2.802E-06	94
2bnh	P07585	0.143	353	215	0	85	437	86	337	1.663E-04	93
2bnh	Q9NZU0	0.174	373	222	0	82	454	60	329	4.410E-06	93
2bnh	O94813	0.135	382	325	0	26	407	58	434	4.410E-06	93
2bnh	Q7Z6M2	0.123	447	387	0	2	448	110	551	7.103E-05	92
2bnh	Q9H9A6	0.150	448	370	0	8	443	95	542	5.661E-05	92
2bnh	Q6P2D8	0.201	126	99	0	223	348	141	265	4.999E-03	92
2bnh	Q9BXN1	0.129	353	218	0	85	437	107	357	1.663E-04	91
2bnh	O60809	0.154	441	345	0	15	455	40	448	1.326E-04	91
2bnh	Q7L1W4_C	0.181	444	316	0	10	453	301	687	7.691E-04	91
2bnh	O75094	0.118	623	380	0	25	456	63	685	4.829E-07	91
2bnh	Q9NW81	0.183	149	89	0	308	456	124	233	9.873E-03	90
2bnh	O60938	0.183	343	227	0	82	424	73	351	4.616E-04	90
2bnh	Q15813	0.165	378	221	0	67	444	118	383	2.208E-04	90
2bnh	Q6EMK4	0.165	375	224	0	82	456	54	322	7.103E-05	89
2bnh	Q7L1W4_E	0.180	431	277	0	25	455	353	691	2.017E-03	89
2bnh	Q6ZVD8	0.170	401	331	0	47	446	268	668	3.034E-05	88
2bnh	Q06828_A	0.159	347	204	0	26	372	36	278	3.679E-04	86
2bnh	Q8NAA5	0.195	85	65	0	265	346	187	271	4.076E-02	86
2bnh	Q7L985	0.170	378	268	0	77	454	52	375	4.616E-04	86
2bnh	Q8WUT4	0.154	341	244	0	108	448	75	364	5.349E-05	86
2bnh	O43300_A	0.162	383	227	0	54	436	31	302	9.432E-05	85
2bnh	Q9C0I9	0.244	123	76	0	84	206	49	149	1.554E-02	85
2bnh	Q6P9F7	0.165	450	293	0	1	450	447	798	4.616E-04	84
2bnh	Q9Y2I1	0.141	411	279	0	37	447	130	455	5.349E-05	84
2bnh	Q5SWL7	0.156	341	255	0	10	312	23	363	4.886E-04	83
2bnh	Q5VTA0	0.172	418	335	0	38	455	47	451	4.362E-04	82
2bnh	Q8WXD0	0.158	375	220	0	81	455	138	399	1.863E-04	82
2bnh	O75473	0.207	430	319	0	26	455	69	471	2.771E-04	82
2bnh	Q9BZR6	0.168	329	189	0	108	436	57	284	5.054E-05	80
2bnh	O75093	0.132	599	363	0	26	444	64	662	6.560E-06	80
2bnh	Q9UKA1	0.155	110	89	0	94	203	63	168	1.741E-02	79
2bnh	Q8IWT6_A	0.170	393	310	0	55	447	328	701	1.906E-03	79
2bnh	Q8IWT6_C	0.170	393	310	0	55	447	328	701	1.906E-03	79
2bnh	Q8IWT6_E	0.170	393	310	0	55	447	328	701	1.906E-03	79
2bnh	Q7Z7L7	0.168	381	287	0	38	418	53	398	3.104E-04	79
2bnh	Q5QJ74	0.154	311	200	0	34	344	54	290	2.835E-03	78
2bnh	Q86UE6	0.158	373	226	0	82	454	67	336	3.806E-05	78
2bnh	Q14160	0.183	434	284	0	3	436	41	389	2.337E-04	77
2bnh	P51884	0.158	346	203	0	26	371	69	310	5.792E-04	76
2bnh	Q7L1W4_A	0.172	437	291	0	19	455	340	691	2.017E-03	76
2bnh	Q8IYG6	0.206	191	112	0	99	289	54	195	7.869E-03	75
2bnh	P08571	0.163	261	203	0	195	438	28	288	9.873E-03	73
2bnh	P39687_G	0.196	164	87	0	285	448	20	128	7.869E-03	72
2bnh	A6NIK2	0.196	235	154	0	1	235	26	218	3.070E-02	71
2bnh	O94933	0.133	511	352	0	49	455	77	587	3.285E-04	71
2bnh	A0A0G2JMD5	0.154	441	345	0	15	455	40	448	3.984E-03	70
2bnh	Q8TDW0_C	0.163	439	307	0	3	441	320	687	1.702E-03	70
2bnh	Q8IW35	0.199	260	156	0	196	455	38	233	1.645E-02	70
2bnh	O95995_m3	0.166	181	110	0	275	455	44	176	1.554E-02	69
2bnh	Q494V2_m3	0.166	181	110	0	275	455	44	176	1.554E-02	69
2bnh	Q4LDG9_m3	0.166	181	110	0	275	455	44	176	1.554E-02	69
2bnh	Q5JU00_m3	0.166	181	110	0	275	455	44	176	1.554E-02	69
2bnh	Q8IZ02_o3	0.166	181	110	0	275	455	44	176	1.554E-02	69
2bnh	Q8TBY9_m3	0.166	181	110	0	275	455	44	176	1.554E-02	69
2bnh	Q9GZS0_o3	0.166	181	110	0	275	455	44	176	1.554E-02	69
2bnh	Q9H069_o3	0.166	181	110	0	275	455	44	176	1.554E-02	69
2bnh	Q53EV4	0.177	369	213	0	82	450	71	330	4.121E-04	69
2bnh	Q92626	0.149	179	135	0	278	456	61	220	4.566E-02	68
2bnh	O60346	0.165	451	368	0	15	456	684	1134	2.618E-04	68
2bnh	Q86UN3	0.172	343	183	0	82	424	62	283	6.341E-05	67
2bnh	Q9HBW1	0.168	258	201	0	48	305	75	317	1.045E-02	67
2bnh	O14498	0.195	179	126	0	78	256	46	202	1.554E-02	66
2bnh	Q96PX8	0.125	494	347	0	59	456	61	554	1.906E-03	66
2bnh	Q7Z4L9	0.159	328	171	0	71	398	23	226	3.984E-03	65
2bnh	Q9BTN0	0.177	257	172	0	26	282	62	271	7.435E-03	65
2bnh	Q8WUA8	0.182	355	211	0	75	429	52	310	7.691E-04	64
2bnh	Q9HCJ2	0.178	328	187	0	108	435	76	304	2.835E-03	64
2bnh	Q9UBU9_G	0.219	107	80	0	238	344	48	150	1.420E-01	63
2bnh	Q9C099	0.181	184	132	0	45	228	37	198	1.010E-01	63
2bnh	O60309	0.139	266	193	0	80	345	867	1091	4.723E-03	63
2bnh	Q8IZ02_q3	0.166	181	110	0	275	455	44	176	3.851E-02	62
2bnh	Q9GZS0_q3	0.166	181	110	0	275	455	44	176	3.851E-02	62
2bnh	Q9H069_q3	0.166	181	110	0	275	455	44	176	3.851E-02	62
2bnh	Q99766	0.151	161	127	0	295	455	61	211	3.438E-02	62
2bnh	P0DKB5	0.211	222	121	0	82	303	96	249	1.045E-02	62
2bnh	Q8N6Y2	0.139	373	250	0	82	454	83	373	1.863E-04	62
2bnh	A6NM11	0.186	220	133	0	82	301	867	1030	2.064E-02	61
2bnh	A6NMS7	0.122	264	197	0	82	345	867	1091	8.814E-03	61
2bnh	Q9BTT0	0.166	151	88	0	277	427	40	145	4.566E-02	60
2bnh	Q8N967	0.173	220	139	0	235	454	55	223	1.106E-02	60
2bnh	Q5JRM6	0.181	106	83	0	236	341	167	268	1.420E-01	60
2bnh	Q8TCA0	0.174	163	109	0	273	435	43	175	1.267E-01	59
2bnh	Q8N456	0.163	180	127	0	2	181	31	183	1.267E-01	59
2bnh	P51888	0.138	406	241	0	51	456	102	382	1.435E-03	59
2bnh	Q86WK7	0.217	195	132	0	82	276	63	232	3.438E-02	59
2bnh	Q8IW52	0.120	501	379	0	23	454	55	555	5.599E-03	59
2bnh	Q5R3F8	0.208	194	113	0	82	275	57	200	1.741E-02	58
2bnh	Q8N0V4	0.184	149	107	0	281	429	63	194	8.520E-02	57
2bnh	Q8N9N7	0.168	300	166	0	152	451	31	230	3.249E-02	56
2bnh	Q8N7C0	0.188	168	119	0	108	275	53	199	4.832E-02	56
2bnh	Q9UBU9_A	0.213	109	82	0	236	344	46	150	2.804E-01	56
2bnh	A6NM62	0.152	336	165	0	26	361	36	230	4.121E-04	56
2bnh	Q6ZVD3	0.169	106	84	0	350	455	83	184	2.967E-01	55
2bnh	Q86WK6	0.186	220	137	0	142	361	66	234	6.416E-02	55
2bnh	Q96NI6	0.153	210	160	0	26	235	54	243	1.010E-01	55
2bnh	P0C7U0	0.150	166	122	0	108	273	60	203	2.900E-02	55
2bnh	O94991	0.132	498	394	0	2	456	91	588	1.239E-02	55
2bnh	Q96JM4	0.162	396	284	0	60	455	800	1139	9.873E-03	54
2bnh	Q96L50_O	0.197	243	124	0	131	373	126	281	2.312E-02	53
2bnh	P23515	0.145	294	169	0	163	456	53	251	1.387E-02	53
2bnh	Q7Z7A1	0.204	153	103	0	104	256	121	250	2.365E-01	53
2bnh	P20774	0.155	214	150	0	222	435	119	296	5.114E-02	52
2bnh	Q8N309	0.174	231	125	0	111	341	129	280	5.728E-02	52
2bnh	Q9ULH4	0.176	210	157	0	26	235	55	245	1.197E-01	52
2bnh	Q9UBM4	0.148	224	143	0	136	359	154	322	2.900E-02	51
2bnh	Q05C16	0.153	192	131	0	12	203	313	468	2.365E-01	51
2bnh	Q5BKY1	0.145	320	180	0	126	445	46	257	2.064E-02	50
2bnh	Q9HBL6	0.168	203	128	0	252	454	51	205	1.420E-01	50
2bnh	Q86UN2	0.141	354	191	0	82	435	56	278	2.391E-03	50
2bnh	Q8N1F8	0.161	394	242	0	10	403	1	289	7.435E-03	50
2bnh	Q6ZNQ3	0.170	308	188	0	13	320	7	233	9.544E-02	49
2bnh	Q6UXK2	0.161	202	126	0	82	283	53	203	1.420E-01	49
2bnh	Q1X8D7	0.189	177	103	0	23	199	3	130	9.544E-02	49
2bnh	Q92688_D	0.172	179	87	0	277	455	40	145	8.520E-02	48
2bnh	Q92696	0.230	147	86	0	53	199	453	565	3.723E-01	48
2bnh	Q99645	0.152	216	137	0	198	413	147	309	9.544E-02	47
2bnh	A6NDA9	0.126	210	149	0	225	434	58	229	5.413E-02	47
2bnh	Q9H156	0.162	235	156	0	219	453	52	238	4.566E-02	47
2bnh	Q9H2I8	0.205	125	78	0	104	228	21	119	1.197E-01	46
2bnh	P02750	0.172	394	205	0	25	418	29	277	5.599E-03	46
2bnh	Q96DD0	0.154	313	179	0	93	405	69	280	6.791E-02	46
2bnh	Q9UBU9_C	0.205	109	83	0	236	344	46	150	7.782E-01	46
2bnh	Q9UBU9_E	0.218	109	81	0	236	344	46	150	6.565E-01	46
2bnh	Q86X40	0.165	289	147	0	139	427	43	219	8.051E-02	46
2bnh	Q68CR7	0.160	266	141	0	81	346	86	254	1.468E-02	46
2bnh	Q1AHP8	0.216	123	82	0	167	289	19	123	6.565E-01	45
2bnh	Q9BYS8	0.151	357	170	0	100	456	113	313	7.869E-03	45
2bnh	Q9H1B4	0.181	106	83	0	236	341	144	245	6.948E-01	45
2bnh	Q8N145	0.167	145	105	0	310	454	66	192	2.365E-01	45
2bnh	Q9P244	0.155	211	155	0	224	434	70	254	3.723E-01	44
2bnh	Q96QE4	0.135	264	194	0	82	345	557	781	8.520E-02	44
2bnh	Q96E66	0.166	112	87	0	250	361	50	154	8.717E-01	43
2bnh	A6NJI9	0.207	176	101	0	276	451	64	191	3.140E-01	43
2bnh	Q86YC3_E	0.146	429	282	0	4	432	1	331	4.566E-02	43
2bnh	Q6PJG9	0.172	214	131	0	221	434	47	205	9.018E-02	43
2bnh	Q9HB75	0.178	334	201	0	13	346	48	293	5.413E-02	43
2bnh	Q9P209	0.177	166	103	0	34	199	9	134	3.140E-01	42
2bnh	O75427	0.162	306	172	0	41	346	32	237	1.995E-01	42
2bnh	Q9GZY0	0.181	106	83	0	236	341	255	356	1.033E+00	41
2bnh	Q96PB8	0.195	112	76	0	337	448	65	159	2.967E-01	40
2bnh	Q5VT99	0.120	237	144	0	107	343	55	219	3.639E-02	40
2bnh	Q9UFC0	0.205	122	85	0	78	199	15	122	6.948E-01	40
2bnh	A6PVS8	0.197	148	101	0	81	228	29	155	2.041E+00	38
2bnh	Q8NEP3	0.155	256	144	0	104	359	125	295	4.170E-01	38
2bnh	Q6WRI0	0.160	233	155	0	222	454	57	241	2.804E-01	38
2bnh	O43822	0.204	118	80	0	82	199	20	121	2.286E+00	37
2bnh	Q9H756	0.183	203	123	0	252	454	48	198	3.324E-01	37
2bnh	Q86X45	0.161	202	119	0	159	360	17	159	9.764E-01	36
2bnh	A1KZ92	0.185	197	119	0	108	304	50	196	1.781E-01	35
2bnh	Q9BY71	0.151	172	110	0	278	449	63	193	1.683E-01	34
2bnh	A6NJW4	0.136	199	130	0	253	451	81	231	2.365E-01	34
2bnh	Q50LG9	0.184	240	149	0	93	332	37	219	4.414E-01	34
2bnh	Q86SJ2	0.160	208	133	0	139	346	70	228	6.203E-01	34
2bnh	P16473_R	0.105	340	209	0	23	362	35	269	5.413E-02	34
2bnh	Q9Y2L9	0.163	229	169	0	220	448	95	297	1.452E+00	33
2bnh	A6NM36	0.196	245	168	0	47	291	67	276	1.158E+00	31
2bnh	O95626	0.235	122	83	0	40	149	4	125	1.722E+00	30
2bnh	P36222_C	0.120	186	120	0	265	401	53	238	2.235E-01	30
2bnh	O95970_B	0.119	176	113	0	279	454	27	155	1.094E+00	30
2bnh	O95970_D	0.114	176	113	0	279	454	27	155	8.717E-01	30
2bnh	P09661_F	0.200	96	74	0	363	455	49	144	2.160E+00	29
2bnh	P36222_A	0.125	186	119	0	265	401	53	238	2.503E-01	29
2bnh	O43423	0.195	157	108	0	43	199	7	141	4.944E-01	28
2bnh	P41223_W	0.214	173	96	0	84	256	23	145	2.710E+00	26
2bnh	Q99707	0.118	407	343	0	40	429	169	575	3.140E-01	26
2bnh	Q9NR30	0.122	269	227	0	186	454	302	560	1.885E-01	25
2bnh	Q16288	0.198	110	75	0	274	383	73	167	3.400E+00	25
2bnh	Q96FV0	0.135	217	88	0	239	455	62	164	2.804E-01	24
2bnh	Q8IWK6	0.220	156	108	0	100	255	75	214	5.058E+00	23
2bnh	Q13347_i	0.114	89	60	0	348	436	44	112	1.225E+00	21
2bnh	Q8WV92_C	0.214	77	57	0	382	455	94	170	7.523E+00	21
2bnh	P13224_X	0.228	63	47	0	395	456	37	99	5.353E+00	20
2bnh	P83369_E	0.095	351	224	0	208	455	91	441	1.372E+00	19
2bnh	Q494V2_3	0.143	252	138	0	196	447	38	199	4.266E+00	18
2bnh	Q4LDG9_3	0.143	252	138	0	196	447	38	199	4.266E+00	18
2bnh	Q5JU00_3	0.143	252	138	0	196	447	38	199	4.266E+00	18
2bnh	Q8IZ02_3	0.143	252	138	0	196	447	38	199	4.266E+00	18
2bnh	Q8TBY9_3	0.143	252	138	0	196	447	38	199	4.266E+00	18
2bnh	Q8TE73_3	0.143	252	138	0	196	447	38	199	4.266E+00	18
2bnh	Q9GZS0_3	0.143	252	138	0	196	447	38	199	4.266E+00	18
2bnh	Q9H069_3	0.143	252	138	0	196	447	38	199	4.266E+00	18
2bnh	Q9GZT3_A4	0.105	358	238	0	37	394	100	366	9.764E-01	18
2bnh	Q96LI5_C	0.205	135	79	0	284	418	25	124	3.599E+00	17
2bnh	O43543_C	0.111	76	52	0	85	143	184	259	6.346E+00	17
2bnh	Q9NV88_d	0.102	353	236	0	65	417	130	393	6.948E-01	17
2bnh	O43543_X	0.121	156	125	0	2	144	19	174	4.031E+00	15
2bnh	P32780_B	0.103	394	267	0	58	451	612	910	1.822E+00	15
2bnh	P52895	0.086	245	166	0	212	456	30	212	4.266E+00	14
2bnh	Q9Y5J6_B	0.083	101	61	0	350	417	13	113	5.058E+00	14
2bnh	Q16620	0.163	175	92	0	191	365	61	171	5.058E+00	14
2bnh	Q8IWA0_SC	0.081	107	78	0	236	342	82	167	5.665E+00	13
2bnh	Q8TCT1	0.106	159	122	0	182	340	86	222	3.400E+00	12
2bnh	Q9BVQ7_P	0.115	186	157	0	265	450	9	186	3.599E+00	12
2bnh	Q7RTX0	0.074	176	150	0	276	438	133	308	8.918E+00	12
2bnh	P41223_U	0.133	80	66	0	267	346	974	1050	9.989E+00	12
2bnh	Q14562_U	0.133	80	66	0	267	346	974	1050	9.989E+00	12
2bnh	P11172	0.098	247	174	0	261	454	119	365	5.996E+00	11
2bnh	Q7L2E3	0.135	246	165	0	238	429	503	748	4.779E+00	10
2bnh	Q05932	0.105	245	190	0	109	321	195	439	9.989E+00	9
2bnh	Q14839_W	0.091	439	380	0	37	455	226	664	5.996E+00	9
2bnh	P37198_03	0.139	154	109	0	208	361	226	353	7.962E+00	8
2bnh	P37198_01	0.103	315	173	0	45	359	192	385	5.996E+00	7
